{
  "accessors": [
    {
      "bufferView": 2,
      "componentType": 5126,
      "count": 65532,
      "max": [
        7.408144474029541,
        6.2930784225463867,
        11.073677062988281
      ],
      "min": [
        -5.3663597106933594,
        -4.7256765365600586,
        -0.37825334072113037
      ],
      "type": "VEC3"
    },
    {
      "bufferView": 2,
      "byteOffset": 786384,
      "componentType": 5126,
      "count": 65532,
      "max": [
        0.99981606006622314,
        0.99999028444290161,
        0.9999968409538269
      ],
      "min": [
        -0.9999116063117981,
        -0.99999850988388062,
        -0.76131093502044678
      ],
      "type": "VEC3"
    },
    {
      "bufferView": 3,
      "componentType": 5126,
      "count": 65532,
      "max": [
        0.9855695366859436,
        0.99993473291397095,
        1,
        1
      ],
      "min": [
        -0.99997144937515259,
        -0.9887087345123291,
        -1,
        -1
      ],
      "type": "VEC4"
    },
    {
      "bufferView": 1,
      "componentType": 5126,
      "count": 65532,
      "max": [
        0.999267578125,
        0.99902164936065674
      ],
      "min": [
        0.000732421875,
        0.00073379278182983398
      ],
      "type": "VEC2"
    },
    {
      "bufferView": 0,
      "componentType": 5125,
      "count": 354516,
      "max": [
        65531
      ],
      "min": [
        0
      ],
      "type": "SCALAR"
    },
    {
      "bufferView": 2,
      "byteOffset": 1572768,
      "componentType": 5126,
      "count": 65532,
      "max": [
        6.9714951515197754,
        6.2555723190307617,
        8.1212921142578125
      ],
      "min": [
        -5.3678297996520996,
        -2.8857724666595459,
        -0.15433754026889801
      ],
      "type": "VEC3"
    },
    {
      "bufferView": 2,
      "byteOffset": 2359152,
      "componentType": 5126,
      "count": 65532,
      "max": [
        0.99998766183853149,
        0.99999964237213135,
        0.99998617172241211
      ],
      "min": [
        -0.99999022483825684,
        -0.99999076128005981,
        -0.9872022271156311
      ],
      "type": "VEC3"
    },
    {
      "bufferView": 3,
      "byteOffset": 1048512,
      "componentType": 5126,
      "count": 65532,
      "max": [
        0.99921375513076782,
        0.99923980236053467,
        0.99999994039535522,
        1
      ],
      "min": [
        -0.99953985214233398,
        -0.99998068809509277,
        -1,
        -1
      ],
      "type": "VEC4"
    },
    {
      "bufferView": 1,
      "byteOffset": 524256,
      "componentType": 5126,
      "count": 65532,
      "max": [
        0.999267578125,
        0.99853247404098511
      ],
      "min": [
        0.000732421875,
        0.011128783226013184
      ],
      "type": "VEC2"
    },
    {
      "bufferView": 0,
      "byteOffset": 1418064,
      "componentType": 5125,
      "count": 347793,
      "max": [
        65531
      ],
      "min": [
        0
      ],
      "type": "SCALAR"
    },
    {
      "bufferView": 2,
      "byteOffset": 3145536,
      "componentType": 5126,
      "count": 65532,
      "max": [
        7.3173890113830566,
        5.59246826171875,
        12.895641326904297
      ],
      "min": [
        -1.357154369354248,
        -1.7060215473175049,
        -0.033810675144195557
      ],
      "type": "VEC3"
    },
    {
      "bufferView": 2,
      "byteOffset": 3931920,
      "componentType": 5126,
      "count": 65532,
      "max": [
        0.99999946355819702,
        0.99997240304946899,
        0.99998915195465088
      ],
      "min": [
        -0.9999503493309021,
        -0.9999505877494812,
        -0.95001327991485596
      ],
      "type": "VEC3"
    },
    {
      "bufferView": 3,
      "byteOffset": 2097024,
      "componentType": 5126,
      "count": 65532,
      "max": [
        0.99999731779098511,
        0.99958598613739014,
        1,
        1
      ],
      "min": [
        -0.99971014261245728,
        -0.9990544319152832,
        -1,
        -1
      ],
      "type": "VEC4"
    },
    {
      "bufferView": 1,
      "byteOffset": 1048512,
      "componentType": 5126,
      "count": 65532,
      "max": [
        0.999267578125,
        0.99926620721817017
      ],
      "min": [
        0.000732421875,
        0.00073379278182983398
      ],
      "type": "VEC2"
    },
    {
      "bufferView": 0,
      "byteOffset": 2809236,
      "componentType": 5125,
      "count": 346299,
      "max": [
        65531
      ],
      "min": [
        0
      ],
      "type": "SCALAR"
    },
    {
      "bufferView": 2,
      "byteOffset": 4718304,
      "componentType": 5126,
      "count": 38724,
      "max": [
        7.3106045722961426,
        4.1520929336547852,
        12.659557342529297
      ],
      "min": [
        -3.6843786239624023,
        -4.85009765625,
        -0.27003109455108643
      ],
      "type": "VEC3"
    },
    {
      "bufferView": 2,
      "byteOffset": 5182992,
      "componentType": 5126,
      "count": 38724,
      "max": [
        0.99971961975097656,
        0.99998611211776733,
        0.99999982118606567
      ],
      "min": [
        -0.99997276067733765,
        -0.99999344348907471,
        -0.74659156799316406
      ],
      "type": "VEC3"
    },
    {
      "bufferView": 3,
      "byteOffset": 3145536,
      "componentType": 5126,
      "count": 38724,
      "max": [
        0.99976581335067749,
        0.9999738335609436,
        1,
        1
      ],
      "min": [
        -0.99997144937515259,
        -0.9940299391746521,
        -1,
        -1
      ],
      "type": "VEC4"
    },
    {
      "bufferView": 1,
      "byteOffset": 1572768,
      "componentType": 5126,
      "count": 38724,
      "max": [
        0.999267578125,
        0.99841016530990601
      ],
      "min": [
        0.000732421875,
        0.015653669834136963
      ],
      "type": "VEC2"
    },
    {
      "bufferView": 0,
      "byteOffset": 4194432,
      "componentType": 5125,
      "count": 210198,
      "max": [
        38723
      ],
      "min": [
        0
      ],
      "type": "SCALAR"
    }
  ],
  "asset": {
    "extras": {
      "author": "alisha-m (https://sketchfab.com/alisha-m)",
      "license": "CC-BY-NC-4.0 (http://creativecommons.org/licenses/by-nc/4.0/)",
      "source": "https://sketchfab.com/models/e379f5f88d6842819d1a38cb2ffcc8be",
      "title": "Ganesh"
    },
    "generator": "Sketchfab-3.18.7",
    "version": "2.0"
  },
  "bufferViews": [
    {
      "buffer": 0,
      "byteLength": 5035224,
      "byteOffset": 0,
      "name": "floatBufferViews",
      "target": 34963
    },
    {
      "buffer": 0,
      "byteLength": 1882560,
      "byteOffset": 5035224,
      "byteStride": 8,
      "name": "floatBufferViews",
      "target": 34962
    },
    {
      "buffer": 0,
      "byteLength": 5647680,
      "byteOffset": 6917784,
      "byteStride": 12,
      "name": "floatBufferViews",
      "target": 34962
    },
    {
      "buffer": 0,
      "byteLength": 3765120,
      "byteOffset": 12565464,
      "byteStride": 16,
      "name": "floatBufferViews",
      "target": 34962
    }
  ],
  "buffers": [
    {
      "byteLength": 16330584,
      "uri": "scene.bin"
    }
  ],
  "images": [
    {
      "uri": "textures/Material_0_baseColor.jpeg"
    }
  ],
  "materials": [
    {
      "doubleSided": true,
      "emissiveFactor": [
        0,
        0,
        0
      ],
      "name": "Material_0",
      "pbrMetallicRoughness": {
        "baseColorFactor": [
          1,
          1,
          1,
          1
        ],
        "baseColorTexture": {
          "index": 0,
          "texCoord": 0
        },
        "metallicFactor": 0,
        "roughnessFactor": 1
      }
    }
  ],
  "meshes": [
    {
      "name": "mainMeshNode_Material_0_0",
      "primitives": [
        {
          "attributes": {
            "NORMAL": 1,
            "POSITION": 0,
            "TANGENT": 2,
            "TEXCOORD_0": 3
          },
          "indices": 4,
          "material": 0,
          "mode": 4
        }
      ]
    },
    {
      "name": "mainMeshNode_Material_0_0",
      "primitives": [
        {
          "attributes": {
            "NORMAL": 6,
            "POSITION": 5,
            "TANGENT": 7,
            "TEXCOORD_0": 8
          },
          "indices": 9,
          "material": 0,
          "mode": 4
        }
      ]
    },
    {
      "name": "mainMeshNode_Material_0_0",
      "primitives": [
        {
          "attributes": {
            "NORMAL": 11,
            "POSITION": 10,
            "TANGENT": 12,
            "TEXCOORD_0": 13
          },
          "indices": 14,
          "material": 0,
          "mode": 4
        }
      ]
    },
    {
      "name": "mainMeshNode_Material_0_0",
      "primitives": [
        {
          "attributes": {
            "NORMAL": 16,
            "POSITION": 15,
            "TANGENT": 17,
            "TEXCOORD_0": 18
          },
          "indices": 19,
          "material": 0,
          "mode": 4
        }
      ]
    }
  ],
  "nodes": [
    {
      "children": [
        1
      ],
      "name": "RootNode (gltf orientation matrix)",
      "rotation": [
        -0.70710678118654746,
        -0,
        -0,
        0.70710678118654757
      ]
    },
    {
      "children": [
        2
      ],
      "name": "RootNode (model correction matrix)"
    },
    {
      "children": [
        3
      ],
      "matrix": [
        1,
        0,
        0,
        0,
        0,
        0,
        1,
        0,
        0,
        -1,
        0,
        0,
        0,
        0,
        0,
        1
      ],
      "name": "590b481603a044d7b3513e3ad36280b9.fbx"
    },
    {
      "children": [
        4,
        6,
        8,
        10,
        12,
        14,
        16,
        18,
        20,
        22,
        24,
        26,
        28,
        30,
        32,
        34,
        36,
        38,
        40,
        42,
        44,
        46,
        48,
        50,
        52,
        54,
        56,
        58,
        60,
        62,
        64,
        66,
        68,
        70,
        72,
        74,
        76,
        78,
        80,
        82,
        84,
        86,
        88,
        90,
        92,
        94,
        96,
        98,
        100,
        102,
        104,
        106,
        108,
        110,
        112,
        114,
        116,
        118,
        120,
        122,
        124,
        126,
        128,
        130,
        132,
        134,
        136,
        138,
        140,
        142,
        144,
        146,
        148,
        150,
        152,
        154,
        156,
        158,
        160,
        162,
        164,
        166,
        168,
        170,
        172,
        174,
        176,
        178,
        180,
        182,
        184,
        186,
        188,
        190,
        192,
        194,
        196,
        198,
        200,
        202,
        204,
        206,
        208,
        210
      ],
      "name": "RootNode"
    },
    {
      "children": [
        5
      ],
      "matrix": [
        0.018224440900194705,
        0.74219108188967942,
        -0.66994049565413083,
        0,
        0.99945740254723081,
        0.0048638659226420966,
        0.032576729452616082,
        0,
        0.027436658823874527,
        -0.67017068032831273,
        -0.74169972966212461,
        0,
        1.5958570241928101,
        -17.085912704467773,
        18.906316757202148,
        1
      ],
      "name": "_20171019_003023_jpg"
    },
    {
      "name": ""
    },
    {
      "children": [
        7
      ],
      "matrix": [
        -0.03716246964787584,
        0.75405835681138089,
        -0.65575524807094832,
        0,
        0.99783473139277501,
        0.063635097235703819,
        0.016625980455633793,
        0,
        0.054266008476571204,
        -0.65371749932422851,
        -0.75479045529292299,
        0,
        4.1208138465881348,
        -17.165470123291016,
        19.078525543212891,
        1
      ],
      "name": "_20171019_003024_jpg"
    },
    {
      "name": ""
    },
    {
      "children": [
        9
      ],
      "matrix": [
        -0.13092944609753721,
        0.74831208028633944,
        -0.65029724791215537,
        0,
        0.98343758661298675,
        0.18095819676997915,
        0.010229577634579434,
        0,
        0.12533153386684648,
        -0.6381874031342899,
        -0.75961098274004368,
        0,
        5.7197685241699219,
        -16.89923095703125,
        18.996923446655273,
        1
      ],
      "name": "_20171019_003025_jpg"
    },
    {
      "name": ""
    },
    {
      "children": [
        11
      ],
      "matrix": [
        -0.26152823149584692,
        0.72035790292552249,
        -0.64240756208453709,
        0,
        0.93731611827032224,
        0.34836283133656931,
        0.0090461137415041026,
        0,
        0.23030735672424793,
        -0.59977314831185347,
        -0.76630978853383924,
        0,
        10.005954742431641,
        -17.789394378662109,
        19.255699157714844,
        1
      ],
      "name": "_20171019_003027_jpg"
    },
    {
      "name": ""
    },
    {
      "children": [
        13
      ],
      "matrix": [
        -0.43177053647115105,
        0.6388386458418297,
        -0.6367569304015398,
        0,
        0.82376015422948357,
        0.56684798071462317,
        0.010127934812764694,
        0,
        0.36741449636511547,
        -0.52016204334681282,
        -0.77099807815716148,
        0,
        13.795801162719727,
        -14.983384132385254,
        19.017921447753906,
        1
      ],
      "name": "_20171019_003033_jpg"
    },
    {
      "name": ""
    },
    {
      "children": [
        15
      ],
      "matrix": [
        -0.59050114762938444,
        0.47410770132876467,
        -0.65309285877977152,
        0,
        0.61800874961640395,
        0.78608159840664227,
        0.011870385167603026,
        0,
        0.51901211936326574,
        -0.39660762497361696,
        -0.75718479367116043,
        0,
        19.452018737792969,
        -11.69389820098877,
        20.022243499755859,
        1
      ],
      "name": "_20171019_003035_jpg"
    },
    {
      "name": ""
    },
    {
      "children": [
        17
      ],
      "matrix": [
        -0.65831561656800908,
        0.2368589641223327,
        -0.71450568933884473,
        0,
        0.31765337963402657,
        0.947961369859048,
        0.021577109677575007,
        0,
        0.68243452388471904,
        -0.21276059872507555,
        -0.69929682413148742,
        0,
        19.213289260864258,
        -4.3730144500732422,
        19.915397644042969,
        1
      ],
      "name": "_20171019_003037_jpg"
    },
    {
      "name": ""
    },
    {
      "children": [
        19
      ],
      "matrix": [
        -0.69432966864189583,
        0.1244947718687428,
        -0.7088069998391554,
        0,
        0.12033793720635105,
        0.99114071417340244,
        0.056203786142554495,
        0,
        0.70952455356566413,
        -0.046272416029286535,
        -0.70315984768917028,
        0,
        20.924745559692383,
        0.13680148124694824,
        21.120786666870117,
        1
      ],
      "name": "_20171019_003039_jpg"
    },
    {
      "name": ""
    },
    {
      "children": [
        21
      ],
      "matrix": [
        -0.77986830522539541,
        -0.053178179022401392,
        -0.62368061360020721,
        0,
        -0.1000456215011941,
        0.99416506325253318,
        0.040332376901524171,
        0,
        0.61789667430996043,
        0.093850457025782374,
        -0.78063806696364879,
        0,
        23.633537292480469,
        3.0032680034637451,
        19.740291595458984,
        1
      ],
      "name": "_20171019_003047_jpg"
    },
    {
      "name": ""
    },
    {
      "children": [
        23
      ],
      "matrix": [
        -0.75151955055654951,
        -0.16660465967117088,
        -0.63832691664000463,
        0,
        -0.25786301944639023,
        0.96479319118803397,
        0.051776070140560584,
        0,
        0.60722732838144944,
        0.20351163508031428,
        -0.76802212601829689,
        0,
        22.899143218994141,
        6.7061147689819336,
        20.005990982055664,
        1
      ],
      "name": "_20171019_003049_jpg"
    },
    {
      "name": ""
    },
    {
      "children": [
        25
      ],
      "matrix": [
        -0.63664076543378956,
        -0.39948278367854995,
        -0.65962265071199244,
        0,
        -0.55541972420038521,
        0.83092133131699364,
        0.032843129137809651,
        0,
        0.53497426644376667,
        0.38727670560831773,
        -0.7508790099184568,
        0,
        19.099086761474609,
        10.804332733154297,
        19.818916320800781,
        1
      ],
      "name": "_20171019_003052_jpg"
    },
    {
      "name": ""
    },
    {
      "children": [
        27
      ],
      "matrix": [
        -0.50586404640486915,
        -0.52160969388465417,
        -0.68704067841755201,
        0,
        -0.74570031127974357,
        0.66480539738492039,
        0.044326395806244562,
        0,
        0.4336272734874807,
        0.53474957770290532,
        -0.72526565948925104,
        0,
        15.97889232635498,
        17.282201766967773,
        20.866416931152344,
        1
      ],
      "name": "_20171019_003055_jpg"
    },
    {
      "name": ""
    },
    {
      "children": [
        29
      ],
      "matrix": [
        -0.21605943910817116,
        -0.6632607843235816,
        -0.71652177269831119,
        0,
        -0.96314968731754425,
        0.26518209724409925,
        0.04495703639407489,
        0,
        0.16019050718560013,
        0.69983111339786019,
        -0.69611451222333542,
        0,
        9.2434492111206055,
        21.292280197143555,
        21.256338119506836,
        1
      ],
      "name": "_20171019_003058_jpg"
    },
    {
      "name": ""
    },
    {
      "children": [
        31
      ],
      "matrix": [
        0.05004169108665768,
        -0.73537355927339565,
        -0.67581177666178993,
        0,
        -0.99087104632093026,
        -0.1213664263305021,
        0.058692078874646003,
        0,
        -0.12518146314871226,
        0.66670527137659585,
        -0.73473374932869895,
        0,
        -0.93582028150558472,
        18.605884552001953,
        20.503688812255859,
        1
      ],
      "name": "_20171019_003103_jpg"
    },
    {
      "name": ""
    },
    {
      "children": [
        33
      ],
      "matrix": [
        0.40256943723517424,
        -0.52419073492239487,
        -0.75044115134077949,
        0,
        -0.77771189708793931,
        -0.62824832060532576,
        0.02163914934710226,
        0,
        -0.48280643464232476,
        0.57491575128718408,
        -0.6605829437624462,
        0,
        -13.532844543457031,
        16.287010192871094,
        21.801845550537109,
        1
      ],
      "name": "_20171019_003108_jpg"
    },
    {
      "name": ""
    },
    {
      "children": [
        35
      ],
      "matrix": [
        0.6041234842693034,
        -0.24405560579599589,
        -0.75859849527524525,
        0,
        -0.35997447068884697,
        -0.93286522087156687,
        0.013448425206247699,
        0,
        -0.71095231640849244,
        0.26495158230852867,
        -0.65141957510164383,
        0,
        -18.592220306396484,
        7.1459465026855469,
        24.23090934753418,
        1
      ],
      "name": "_20171019_003111_jpg"
    },
    {
      "name": ""
    },
    {
      "children": [
        37
      ],
      "matrix": [
        0.64264551681584736,
        0.12250530855015114,
        -0.75630627995113509,
        0,
        0.17155088389793552,
        -0.98507871531149238,
        -0.013791985864893982,
        0,
        -0.74671081012017604,
        -0.12088165293911503,
        -0.65407231406961297,
        0,
        -18.981084823608398,
        -4.154510498046875,
        24.410028457641602,
        1
      ],
      "name": "_20171019_003115_jpg"
    },
    {
      "name": ""
    },
    {
      "children": [
        39
      ],
      "matrix": [
        0.47216614674742785,
        0.44373266597667349,
        -0.76168264455146961,
        0,
        0.68856043435991421,
        -0.72516574312631565,
        0.0043787247168071697,
        0,
        -0.5504031777704167,
        -0.52653201815397055,
        -0.64793547190976875,
        0,
        -15.064697265625,
        -13.574812889099121,
        24.699804306030273,
        1
      ],
      "name": "_20171019_003119_jpg"
    },
    {
      "name": ""
    },
    {
      "children": [
        41
      ],
      "matrix": [
        0.21758110462194835,
        0.64684893870308913,
        -0.73092059309488588,
        0,
        0.94889330730939614,
        -0.31558096680439607,
        0.003185079942235991,
        0,
        -0.2286043618458069,
        -0.69425867217449255,
        -0.68245508413051015,
        0,
        -5.9090619087219238,
        -18.500988006591797,
        24.907949447631836,
        1
      ],
      "name": "_20171019_003121_jpg"
    },
    {
      "name": ""
    },
    {
      "children": [
        43
      ],
      "matrix": [
        0.035064208360883309,
        0.89446122351719426,
        -0.44576857327109592,
        0,
        0.99877143978877947,
        -0.046991801096306185,
        -0.015728372197206103,
        0,
        -0.035015887169586313,
        -0.44466941681866212,
        -0.89501005435239556,
        0,
        2.3257956504821777,
        -25.539558410644531,
        18.409418106079102,
        1
      ],
      "name": "_20171019_003125_jpg"
    },
    {
      "name": ""
    },
    {
      "children": [
        45
      ],
      "matrix": [
        -0.022596295463898519,
        0.96174545975158732,
        -0.27301113178498038,
        0,
        0.041714385195423087,
        0.27375003496954631,
        0.960895846812723,
        0,
        0.99887402483950694,
        0.010324194950696253,
        -0.046304357241451433,
        0,
        0.19938337802886963,
        -21.413040161132812,
        12.070497512817383,
        1
      ],
      "name": "_20171019_003129_jpg"
    },
    {
      "name": ""
    },
    {
      "children": [
        47
      ],
      "matrix": [
        0.17076968656122027,
        0.80591162659445215,
        -0.56687226451085704,
        0,
        0.19152163689304391,
        0.53720004947417277,
        0.82142289318398931,
        0,
        0.96651806850859834,
        -0.24884243401162648,
        -0.062612029847128436,
        0,
        -7.020561695098877,
        -16.847352981567383,
        17.734027862548828,
        1
      ],
      "name": "_20171019_003132_jpg"
    },
    {
      "name": ""
    },
    {
      "children": [
        49
      ],
      "matrix": [
        -0.41928122925461309,
        0.70648273353031565,
        -0.5701626066468003,
        0,
        -0.24382909625161769,
        0.51732566848074513,
        0.82031794113750167,
        0,
        0.87450021304506287,
        0.48296614783490077,
        -0.044643895771502073,
        0,
        11.923801422119141,
        -15.838780403137207,
        20.10809326171875,
        1
      ],
      "name": "_20171019_003134_jpg"
    },
    {
      "name": ""
    },
    {
      "children": [
        51
      ],
      "matrix": [
        -0.37525709515921579,
        0.67515638469341588,
        -0.63509524383385485,
        0,
        -0.23400868728765045,
        0.59396773706260453,
        0.76970270988391309,
        0,
        0.89689578369316569,
        0.43745420735940455,
        -0.064898148332423578,
        0,
        9.5626077651977539,
        -13.890716552734375,
        23.905345916748047,
        1
      ],
      "name": "_20171019_003135_jpg"
    },
    {
      "name": ""
    },
    {
      "children": [
        53
      ],
      "matrix": [
        -0.19205560285740608,
        0.58248473537283341,
        -0.78982667621999125,
        0,
        -0.10029027747230523,
        0.78894638399505657,
        0.60622228878989004,
        0,
        0.97624612964948887,
        0.19564032365227027,
        -0.093104017666417516,
        0,
        5.9185910224914551,
        -19.514175415039062,
        35.453277587890625,
        1
      ],
      "name": "_20171019_003138_jpg"
    },
    {
      "name": ""
    },
    {
      "children": [
        55
      ],
      "matrix": [
        0.15238502306180601,
        0.56599636057344405,
        -0.810201780153604,
        0,
        -0.078159397747134207,
        0.8241097234338558,
        0.56101182900682134,
        0,
        0.98522581842451651,
        -0.022164917310688759,
        0.16981991388041695,
        0,
        -7.9151029586791992,
        -15.951249122619629,
        34.719570159912109,
        1
      ],
      "name": "_20171019_003141_jpg"
    },
    {
      "name": ""
    },
    {
      "children": [
        57
      ],
      "matrix": [
        -0.5515439763937231,
        -0.33131394830975847,
        -0.76552616530018003,
        0,
        -0.69232110928243551,
        -0.33009173144209458,
        0.64166262979504884,
        0,
        -0.46528563672838408,
        0.88389508228576463,
        -0.047315534080293542,
        0,
        16.78660774230957,
        7.4745855331420898,
        23.40593147277832,
        1
      ],
      "name": "_20171019_003146_jpg"
    },
    {
      "name": ""
    },
    {
      "children": [
        59
      ],
      "matrix": [
        -0.28958136843416638,
        -0.55917016125667918,
        -0.77683419197147541,
        0,
        -0.31695395106070318,
        -0.70979798906596936,
        0.62906836482604622,
        0,
        -0.90315160630029623,
        0.42838714438937769,
        0.028313081059987755,
        0,
        10.88761043548584,
        13.940586090087891,
        22.922979354858398,
        1
      ],
      "name": "_20171019_003150_jpg"
    },
    {
      "name": ""
    },
    {
      "children": [
        61
      ],
      "matrix": [
        0.12789804140489247,
        -0.57705646200025085,
        -0.80662750428468888,
        0,
        0.16804783503791673,
        -0.78893808692896239,
        0.59104705407601732,
        0,
        -0.97744668199542306,
        -0.21114576637153412,
        -0.0039305469741552912,
        0,
        -0.36472290754318237,
        13.966320991516113,
        22.506477355957031,
        1
      ],
      "name": "_20171019_003153_jpg"
    },
    {
      "name": ""
    },
    {
      "children": [
        63
      ],
      "matrix": [
        0.52025327454793557,
        -0.31390118909471409,
        -0.79423080638254961,
        0,
        0.64826202198003058,
        -0.46027459647780922,
        0.60655061346564665,
        0,
        -0.55596122273096782,
        -0.83042961129894355,
        -0.035969146464334578,
        0,
        -10.719564437866211,
        10.339171409606934,
        21.302938461303711,
        1
      ],
      "name": "_20171019_003155_jpg"
    },
    {
      "name": ""
    },
    {
      "children": [
        65
      ],
      "matrix": [
        0.61083092663518568,
        0.033906146247420554,
        -0.79103473521246148,
        0,
        0.79099080750841244,
        0.017926008819170058,
        0.61156536906941095,
        0,
        0.03491592048321368,
        -0.99926424505956568,
        -0.015869689421861288,
        0,
        -14.603144645690918,
        4.3176536560058594,
        23.382434844970703,
        1
      ],
      "name": "_20171019_003157_jpg"
    },
    {
      "name": ""
    },
    {
      "children": [
        67
      ],
      "matrix": [
        0.49552128560699271,
        0.40777027017539164,
        -0.76693028514427652,
        0,
        0.64247553493909138,
        0.42213245325612081,
        0.63955404690510498,
        0,
        0.58453728924262949,
        -0.80964658874663142,
        -0.052806806529285932,
        0,
        -14.001437187194824,
        -5.9025869369506836,
        23.870485305786133,
        1
      ],
      "name": "_20171019_003200_jpg"
    },
    {
      "name": ""
    },
    {
      "children": [
        69
      ],
      "matrix": [
        0.093761994469346965,
        0.64573930518562261,
        -0.75777928061640709,
        0,
        0.16773465831646822,
        0.74000671580826416,
        0.65134871225644142,
        0,
        0.98136322164252088,
        -0.18817760306969683,
        -0.038928356121930019,
        0,
        -4.1046676635742188,
        -15.562796592712402,
        24.903402328491211,
        1
      ],
      "name": "_20171019_003204_jpg"
    },
    {
      "name": ""
    },
    {
      "children": [
        71
      ],
      "matrix": [
        -0.26555965481250565,
        0.59415557961341214,
        -0.75924779680293641,
        0,
        -0.28589877609331421,
        0.70356741947454537,
        0.65058033791552139,
        0,
        0.92072795089766213,
        0.38983590582215399,
        -0.016970768032497308,
        0,
        7.3781094551086426,
        -16.674774169921875,
        26.281890869140625,
        1
      ],
      "name": "_20171019_003207_jpg"
    },
    {
      "name": ""
    },
    {
      "children": [
        73
      ],
      "matrix": [
        -0.68784842847672811,
        0.092996958731031476,
        -0.71987228388713131,
        0,
        -0.71239142397384647,
        0.10363351011874034,
        0.69408829022609542,
        0,
        0.13915099169826617,
        0.99025838105377728,
        -0.0050339112170660893,
        0,
        18.517171859741211,
        -2.338503360748291,
        23.801914215087891,
        1
      ],
      "name": "_20171019_003212_jpg"
    },
    {
      "name": ""
    },
    {
      "children": [
        75
      ],
      "matrix": [
        -0.45691926555665852,
        -0.43435118425720182,
        -0.77624985249436929,
        0,
        -0.57112475816006381,
        -0.52577720412668594,
        0.63037674626950968,
        0,
        -0.68193936341860506,
        0.73136678920709242,
        -0.0078309811094330328,
        0,
        14.602540969848633,
        11.591754913330078,
        26.243007659912109,
        1
      ],
      "name": "_20171019_003217_jpg"
    },
    {
      "name": ""
    },
    {
      "children": [
        77
      ],
      "matrix": [
        -0.028614586318764346,
        -0.57948742882974447,
        -0.81447868313301985,
        0,
        -0.047721336575755169,
        -0.81309129298638538,
        0.5801768896682733,
        0,
        -0.9984507396387815,
        0.055469533061133613,
        -0.0043876436444088007,
        0,
        3.247713565826416,
        16.87238883972168,
        23.409778594970703,
        1
      ],
      "name": "_20171019_003221_jpg"
    },
    {
      "name": ""
    },
    {
      "children": [
        79
      ],
      "matrix": [
        0.07589753665187382,
        -0.801389124819881,
        -0.59330854919729803,
        0,
        0.04593258240398318,
        -0.59158319605897924,
        0.80493448181472793,
        0,
        -0.99605710770210298,
        -0.088344738162883019,
        -0.0080898352920739658,
        0,
        1.935158371925354,
        26.222345352172852,
        20.06098747253418,
        1
      ],
      "name": "_20171019_003225_jpg"
    },
    {
      "name": ""
    },
    {
      "children": [
        81
      ],
      "matrix": [
        0.46589259502233238,
        -0.56343487726709618,
        -0.68226477923337736,
        0,
        0.38826627622766235,
        -0.56268743163390966,
        0.72981652011004694,
        0,
        -0.79510589775680929,
        -0.60491651767846955,
        -0.043389146017087876,
        0,
        -9.7898721694946289,
        15.262798309326172,
        20.043169021606445,
        1
      ],
      "name": "_20171019_003231_jpg"
    },
    {
      "name": ""
    },
    {
      "children": [
        83
      ],
      "matrix": [
        0.64838380627835523,
        -0.099422039733970291,
        -0.75479381142874313,
        0,
        0.73608356693694876,
        -0.17125324458306768,
        0.65486892482782411,
        0,
        -0.19436929346316673,
        -0.98019772711168263,
        -0.037854900920759604,
        0,
        -18.067184448242188,
        6.8249330520629883,
        23.724451065063477,
        1
      ],
      "name": "_20171019_003238_jpg"
    },
    {
      "name": ""
    },
    {
      "children": [
        85
      ],
      "matrix": [
        0.084165443046661403,
        -0.93045098271037752,
        -0.35661905020631163,
        0,
        0.023186077168039831,
        -0.35596331672859072,
        0.93421224728063734,
        0,
        -0.99618200346237784,
        -0.086896984509668596,
        -0.0083863019746195366,
        0,
        -0.40333825349807739,
        20.993633270263672,
        10.485851287841797,
        1
      ],
      "name": "_20171019_003247_jpg"
    },
    {
      "name": ""
    },
    {
      "children": [
        87
      ],
      "matrix": [
        0.61730133929271591,
        0.1564937369022194,
        -0.7710050368303687,
        0,
        0.7613514669346293,
        0.12806316139001883,
        0.63556570902722709,
        0,
        0.19819939531670427,
        -0.97934137919582098,
        -0.040093175116468815,
        0,
        -15.184728622436523,
        -1.9013464450836182,
        21.633434295654297,
        1
      ],
      "name": "_20171019_003303_jpg"
    },
    {
      "name": ""
    },
    {
      "children": [
        89
      ],
      "matrix": [
        0.36948769436900997,
        0.56593799111459286,
        -0.73701630505915672,
        0,
        0.44111152512875262,
        0.59125781520368914,
        0.67515540311779043,
        0,
        0.81786274282941807,
        -0.57456799960817451,
        -0.031179283471591157,
        0,
        -12.92759895324707,
        -14.007419586181641,
        24.876350402832031,
        1
      ],
      "name": "_20171019_003307_jpg"
    },
    {
      "name": ""
    },
    {
      "children": [
        91
      ],
      "matrix": [
        0.055915840082494728,
        0.63640309555020536,
        -0.76932731577787161,
        0,
        -0.0058653850990738055,
        0.77072890403809557,
        0.63713621286022959,
        0,
        0.99841825708743348,
        -0.031113605614784878,
        0.046828703378795189,
        0,
        -2.7232379913330078,
        -12.477258682250977,
        23.350778579711914,
        1
      ],
      "name": "_20171019_003400_jpg"
    },
    {
      "name": ""
    },
    {
      "children": [
        93
      ],
      "matrix": [
        -0.26844969717466816,
        0.5974276328724305,
        -0.75565533384425554,
        0,
        0.23280901511040217,
        0.80143277579524042,
        0.55091330385502624,
        0,
        0.93473778278731912,
        -0.028030864445825532,
        -0.35423092477685558,
        0,
        8.5515813827514648,
        -10.431649208068848,
        22.191553115844727,
        1
      ],
      "name": "_20171019_003402_jpg"
    },
    {
      "name": ""
    },
    {
      "children": [
        95
      ],
      "matrix": [
        -0.048041116421790653,
        0.54321237651009846,
        -0.83821975945404603,
        0,
        -0.02263484558362272,
        0.83838116548252872,
        0.54461425351303683,
        0,
        0.99858886179365791,
        0.045136851578370218,
        -0.027981238915363971,
        0,
        1.7748171091079712,
        -13.785554885864258,
        28.50090217590332,
        1
      ],
      "name": "_20171019_003414_jpg"
    },
    {
      "name": ""
    },
    {
      "children": [
        97
      ],
      "matrix": [
        -0.41913599559784331,
        -0.41832741054414624,
        -0.80580841071661324,
        0,
        -0.58701708507776129,
        -0.5522113120091876,
        0.59200811541388532,
        0,
        -0.69262974165206992,
        0.72115521524601156,
        -0.014113699106390598,
        0,
        15.387064933776855,
        11.194327354431152,
        25.579135894775391,
        1
      ],
      "name": "_20171019_003431_jpg"
    },
    {
      "name": ""
    },
    {
      "children": [
        99
      ],
      "matrix": [
        -0.11409888038714611,
        -0.64336667080244592,
        -0.75700777565027499,
        0,
        -0.16781626398837246,
        -0.73855272878959122,
        0.65297593243429253,
        0,
        -0.97919311018582278,
        0.2015420395302828,
        -0.0236993516069397,
        0,
        5.998664379119873,
        18.178356170654297,
        22.070804595947266,
        1
      ],
      "name": "_20171019_003434_jpg"
    },
    {
      "name": ""
    },
    {
      "children": [
        101
      ],
      "matrix": [
        0.25537814576935813,
        -0.57559041561843827,
        -0.77683825608140467,
        0,
        0.25154995473959163,
        -0.73625363738694194,
        0.62821429600495915,
        0,
        -0.93354411943620197,
        -0.35584583021680982,
        -0.043233345734461581,
        0,
        -7.3995480537414551,
        15.268945693969727,
        22.496353149414062,
        1
      ],
      "name": "_20171019_003436_jpg"
    },
    {
      "name": ""
    },
    {
      "children": [
        103
      ],
      "matrix": [
        0.33809058004691284,
        -0.39653719500533491,
        -0.85349458853635551,
        0,
        0.48573247869861336,
        -0.70324639575693793,
        0.51914204799089136,
        0,
        -0.80607612470587597,
        -0.59008707817759987,
        -0.045149987231227096,
        0,
        -7.7465939521789551,
        14.023375511169434,
        28.701452255249023,
        1
      ],
      "name": "_20171019_003455_jpg"
    },
    {
      "name": ""
    },
    {
      "children": [
        105
      ],
      "matrix": [
        0.48476262119875357,
        -0.17698435013565544,
        -0.85655224061091184,
        0,
        0.79685590995202271,
        -0.31437491919691829,
        0.51593514025937914,
        0,
        -0.3605909869409491,
        -0.93265478607413532,
        -0.011366184494429499,
        0,
        -13.59671688079834,
        9.4546060562133789,
        27.948570251464844,
        1
      ],
      "name": "_20171019_003458_jpg"
    },
    {
      "name": ""
    },
    {
      "children": [
        107
      ],
      "matrix": [
        0.54862801293717212,
        0.07665526850935267,
        -0.83254505777787724,
        0,
        0.83286913398306361,
        0.036896542864801041,
        0.55223876247772341,
        0,
        0.073050045030182253,
        -0.9963747361983768,
        -0.043601330102456703,
        0,
        -15.521937370300293,
        2.6773886680603027,
        27.119054794311523,
        1
      ],
      "name": "_20171019_003502_jpg"
    },
    {
      "name": ""
    },
    {
      "children": [
        109
      ],
      "matrix": [
        0.41497244694793967,
        0.34211873810126564,
        -0.84306146710310326,
        0,
        0.7170032626476901,
        0.44745222318693079,
        0.53450241282677158,
        0,
        0.56009301872689587,
        -0.8262815966757765,
        -0.059619907483341894,
        0,
        -16.023349761962891,
        -7.7692947387695312,
        29.914777755737305,
        1
      ],
      "name": "_20171019_003509_jpg"
    },
    {
      "name": ""
    },
    {
      "children": [
        111
      ],
      "matrix": [
        0.11802270701463158,
        0.60030492394612167,
        -0.79101494228300118,
        0,
        0.21595317070379552,
